date,T20_mean,ST_mean,T60_mean,H_mean,T20_min,ST_min,T60_min,H_min,T20_max,ST_max,T60_max,H_max
2016-07-22,27.09652777777778,26.780555555555555,27.288888888888877,74.05555555555556,23.2,24.7,23.2,45,34.5,31.0,36.5,96
2016-07-23,25.844444444444452,25.793055555555572,26.34166666666668,71.6111111111111,22.3,24.0,22.1,48,33.1,28.8,34.7,90
2016-07-24,26.68611111111111,26.38958333333333,27.42013888888889,73.0763888888889,21.5,23.8,21.5,43,35.8,30.7,39.6,100
2016-07-25,27.43055555555555,26.800694444444453,28.029861111111103,75.33333333333333,21.5,24.0,21.6,41,36.0,30.8,39.6,100
2016-07-26,23.3902777777778,24.84930555555555,23.490972222222208,96.04861111111113,21.7,24.0,22.0,84,26.7,25.5,26.3,100
2016-07-27,26.343055555555548,25.635416666666664,26.45555555555555,86.7638888888889,21.8,23.7,22.2,53,36.1,28.8,37.1,100
2016-07-28,27.82569444444445,26.507638888888888,27.461111111111112,83.7361111111111,23.7,24.9,23.6,55,38.3,29.4,37.7,100
2016-07-29,28.03125000000001,26.947222222222212,27.24027777777778,83.6111111111111,22.0,24.5,22.3,51,38.3,33.2,36.8,100
2016-07-30,28.26319444444445,26.916666666666675,27.68888888888889,79.68055555555556,21.3,24.4,21.8,53,36.8,29.3,35.0,100
2016-07-31,28.868749999999995,27.2097222222222,28.45902777777779,79.60416666666667,21.9,24.7,22.4,53,35.9,29.4,35.4,100
2016-08-01,28.589583333333326,27.62569444444444,28.29166666666667,86.53472222222223,23.4,25.6,23.7,56,37.6,30.0,35.4,100
2016-08-02,28.879861111111122,27.7,28.127777777777787,87.1736111111111,23.6,25.8,24.0,65,37.0,29.4,34.0,100
2016-08-03,28.92847222222223,27.51527777777776,28.1,86.5,23.8,26.1,24.4,64,39.3,29.2,34.6,100
2016-08-04,29.415277777777767,27.899305555555554,28.88958333333334,82.36805555555556,23.6,25.6,24.0,59,38.9,30.5,35.3,100
2016-08-05,29.686111111111103,28.020138888888887,29.13541666666667,82.79166666666667,23.9,26.0,24.4,61,38.0,30.0,35.4,100
2016-08-06,29.740277777777766,28.10069444444446,29.147222222222208,82.25,24.2,26.3,24.5,62,39.2,29.9,35.9,100
2016-08-07,29.25138888888889,28.02499999999999,28.71180555555555,85.0625,24.3,26.3,24.7,61,39.4,30.2,36.8,100
2016-08-08,31.04444444444445,28.136111111111113,29.963194444444447,74.5138888888889,23.6,26.1,24.2,55,38.5,32.4,35.5,100
2016-08-09,31.35277777777777,28.324305555555558,30.017361111111107,67.53472222222223,24.7,25.3,24.5,52,39.2,32.4,35.7,83
2016-08-10,28.892361111111107,26.62013888888889,27.915972222222226,71.9236111111111,22.4,25.3,23.0,45,37.5,28.6,34.2,94
2016-08-11,28.286111111111122,26.60069444444445,27.56736111111111,81.25,21.1,24.2,21.7,58,35.6,28.4,34.0,97
2016-08-12,28.315972222222214,27.070138888888888,27.91319444444445,80.34027777777777,23.4,25.6,23.9,50,35.6,29.9,36.2,100
2016-08-13,28.718749999999986,27.24236111111111,28.02847222222222,81.52083333333333,24.3,25.5,24.2,62,37.1,29.7,35.3,93
2016-08-14,26.78263888888891,26.50277777777778,26.549305555555566,85.8125,23.8,25.7,24.4,73,32.1,27.3,30.4,98
2016-08-15,28.923611111111104,27.323611111111106,28.18125000000001,84.85416666666667,23.4,25.2,23.8,62,37.4,30.0,36.9,98
2016-08-16,28.983333333333324,27.46875000000001,28.20486111111111,84.1875,23.9,26.1,24.5,61,36.5,29.0,33.6,100
2016-08-17,30.08263888888891,27.738888888888898,29.27291666666666,81.8263888888889,25.5,26.5,25.7,58,35.5,29.0,33.9,98
2016-08-18,30.38055555555555,28.675694444444442,29.61597222222223,86.16666666666669,26.6,27.2,26.6,65,37.6,31.0,35.8,99
2016-08-19,29.85625,28.28611111111111,28.936111111111103,85.5,24.9,26.8,25.5,66,39.1,29.7,34.1,99
2016-08-20,29.88055555555555,27.933333333333326,28.971527777777766,81.5763888888889,24.0,26.4,24.8,59,37.0,29.4,34.5,100
2016-08-21,30.09791666666667,29.062499999999986,29.540972222222194,76.1388888888889,23.6,25.8,24.3,34,40.2,39.1,41.7,95
2016-08-22,29.552777777777766,27.665972222222237,28.61736111111113,84.65972222222223,25.3,26.5,25.5,66,36.3,29.3,32.6,98
2016-08-23,30.03263888888888,28.165277777777767,29.127777777777766,81.33333333333333,24.3,26.2,25.0,50,37.6,36.5,38.1,99
2016-08-24,28.79444444444445,27.46041666666665,28.13333333333334,83.7986111111111,24.5,26.2,25.0,68,35.6,28.8,32.9,97
2016-08-25,29.190972222222204,27.410416666666666,28.21319444444445,82.13194444444444,24.3,26.2,24.9,58,37.1,28.7,33.1,98
2016-08-26,29.10000000000001,27.24236111111109,28.23194444444445,81.30555555555556,23.0,25.4,23.7,58,37.3,28.9,33.5,99
2016-08-27,28.466666666666665,27.248611111111106,27.914583333333322,83.3125,23.6,25.8,24.3,57,40.1,29.6,36.4,98
2016-08-28,28.749305555555548,27.053472222222233,27.975000000000005,78.22222222222223,24.4,25.8,24.8,53,39.1,29.6,37.8,93
2016-08-29,29.652777777777793,27.064583333333346,28.32638888888889,76.78472222222223,24.6,26.0,25.2,58,37.8,28.5,33.7,89
2016-08-30,26.43055555555555,25.45625,25.79791666666668,72.13194444444444,20.8,23.8,21.6,48,37.4,27.8,32.9,90
2016-08-31,27.80069444444446,25.302777777777774,26.375,72.375,19.0,22.8,20.0,45,40.3,31.9,33.8,93
2016-09-01,28.58819444444444,26.42847222222223,27.036805555555574,81.47222222222223,22.2,24.5,22.8,57,41.5,28.7,34.2,97
2016-09-02,29.063194444444452,26.612500000000004,27.363888888888887,79.08333333333333,20.9,24.3,21.9,57,39.4,28.9,34.8,95
2016-09-03,29.886805555555558,27.25625000000001,28.333333333333353,78.5138888888889,24.1,25.8,24.5,58,41.4,29.1,36.4,98
2016-09-04,29.32083333333333,27.472222222222246,28.24375,82.1875,22.9,26.2,23.8,63,39.5,29.1,34.3,96
2016-09-05,26.37083333333333,26.54583333333333,26.16944444444445,92.4375,22.5,25.4,23.4,77,34.3,27.6,30.5,100
2016-09-06,27.81666666666667,26.884027777777767,27.136805555555554,91.90972222222223,24.4,26.0,24.9,67,40.3,28.2,34.6,100
2016-09-07,28.222222222222214,27.02152777777778,27.50208333333333,89.10416666666669,23.7,26.0,24.5,71,36.3,28.1,31.7,100
2016-09-08,26.283333333333346,26.476388888888888,26.020138888888887,92.95138888888887,22.5,25.1,23.3,78,33.9,27.4,30.4,100
2016-09-09,27.260416666666657,25.584027777777766,25.83055555555556,76.4861111111111,21.2,24.2,22.1,58,40.2,27.8,33.2,90
2016-09-10,26.830555555555573,25.11111111111111,25.295138888888875,83.59722222222223,19.4,23.1,20.3,60,40.7,27.2,32.6,100
2016-09-11,26.73125,25.583333333333343,25.792361111111113,87.28472222222223,21.5,24.2,22.4,65,38.6,27.1,31.9,100
2016-09-12,26.906249999999996,25.796527777777772,26.088888888888878,87.56944444444444,23.5,25.0,24.0,74,40.0,26.9,30.2,100
2016-09-13,26.60416666666667,25.73680555555555,25.909722222222214,94.88888888888887,22.9,24.6,23.4,85,33.5,26.7,29.2,100
2016-09-14,26.375,25.8798611111111,26.019444444444442,91.26388888888887,23.2,25.2,23.9,70,36.1,26.9,30.9,100
2016-09-15,25.4075,25.148749999999986,25.070000000000004,90.4875,22.5,24.6,23.3,73,31.3,25.8,28.4,100
2016-07-22,26.940277777777773,27.328472222222214,27.31944444444445,71.0763888888889,23.3,25.1,23.4,47,34.2,31.6,35.6,92
2016-07-23,26.363194444444442,26.513888888888907,26.79791666666665,66.81944444444444,22.6,24.2,22.5,42,34.6,30.2,35.8,84
2016-07-24,27.26597222222221,27.391666666666666,27.85902777777777,69.20833333333333,21.4,23.9,21.4,39,38.8,33.3,39.6,97
2016-07-25,27.975000000000005,27.68125000000001,28.476388888888888,70.34027777777777,21.6,24.2,21.7,34,38.6,32.1,41.4,96
2016-07-26,23.269444444444453,25.043750000000006,23.534722222222207,91.77083333333331,21.6,23.9,21.9,78,26.1,25.9,26.3,100
2016-07-27,26.64583333333332,26.195138888888888,27.134722222222212,80.8125,21.8,23.6,22.1,44,38.1,30.4,39.9,100
2016-07-28,28.035416666666656,27.288888888888888,28.624305555555548,73.1875,23.8,25.0,23.8,40,38.1,31.6,41.5,91
2016-07-29,27.74513888888889,27.527777777777786,28.231944444444427,74.47916666666667,22.1,24.6,22.1,38,37.0,33.4,41.3,99
2016-07-30,29.04722222222221,27.81805555555555,29.96388888888889,68.5,21.6,24.5,21.6,35,37.5,31.6,41.0,100
2016-07-31,29.70902777777779,28.27986111111112,30.712499999999995,68.19444444444444,22.1,24.9,22.1,38,37.8,32.2,41.2,99
2016-08-01,29.277083333333344,28.54513888888889,30.068055555555567,76.6111111111111,23.6,25.8,23.7,37,38.7,34.1,43.0,100
2016-08-02,29.293750000000006,28.47638888888891,29.936111111111103,76.47222222222223,23.7,26.2,23.9,44,39.0,31.5,42.4,100
2016-08-03,29.210416666666674,28.15763888888887,29.706944444444442,76.7986111111111,23.9,26.3,24.1,48,38.1,30.2,39.8,100
2016-08-04,29.87083333333333,28.62986111111111,30.63125000000001,73.79166666666667,23.7,26.1,23.8,42,39.2,34.1,41.9,100
2016-08-05,30.179166666666678,28.93888888888889,30.82916666666667,73.875,24.0,26.3,24.1,43,38.7,32.7,42.0,99
2016-08-06,30.18263888888889,28.894444444444453,30.595138888888897,73.375,24.3,26.6,24.4,47,38.9,31.4,41.1,99
2016-08-07,29.56250000000001,28.911111111111094,30.17916666666666,75.22222222222223,24.3,26.6,24.4,35,39.4,32.9,44.9,100
2016-08-08,31.42986111111113,28.975694444444446,31.690972222222232,66.7361111111111,23.7,26.4,23.8,41,39.1,31.9,41.4,98
2016-08-09,31.48541666666665,28.646527777777766,31.3673611111111,58.77083333333334,25.2,26.1,24.7,38,38.5,32.7,40.5,78
2016-08-10,29.27708333333332,27.66666666666667,29.568055555555567,65.09722222222223,22.9,25.7,22.8,35,37.2,30.5,40.2,94
2016-08-11,28.661111111111094,27.504166666666656,29.2652777777778,72.6875,21.4,24.7,21.4,41,37.3,30.2,40.2,97
2016-08-12,28.461805555555557,27.488194444444442,29.049999999999994,71.7986111111111,23.6,25.9,23.6,32,36.5,30.3,40.0,99
2016-08-13,29.00694444444443,27.706944444444428,29.652777777777793,70.84027777777777,24.5,25.8,24.4,42,37.3,30.9,41.8,88
2016-08-14,26.969444444444452,26.790277777777767,27.15694444444444,79.74305555555556,23.8,25.9,24.0,55,32.9,27.7,33.5,94
2016-08-15,29.079861111111107,27.62638888888889,29.26527777777777,76.72222222222223,23.5,25.4,23.5,46,37.7,30.4,41.5,95
2016-08-16,29.28749999999999,28.01736111111111,29.445833333333344,77.64583333333333,23.8,26.3,24.3,44,37.8,29.9,41.2,100
2016-08-17,30.647222222222208,28.32986111111111,30.481249999999992,76.28472222222223,25.9,26.8,25.8,56,36.7,30.0,36.9,95
2016-08-18,30.79583333333335,29.227777777777785,30.8,78.2638888888889,26.7,27.6,26.7,44,39.9,32.1,42.1,94
2016-08-19,30.17083333333333,28.72013888888889,29.78819444444443,78.72916666666667,24.9,27.2,25.2,51,39.5,30.4,39.8,96
2016-08-20,30.145138888888912,28.340277777777768,29.737499999999986,75.88194444444444,24.1,26.7,24.4,50,39.0,30.2,37.7,99
2016-08-21,30.05624999999999,29.29791666666667,29.918750000000006,70.56944444444444,23.8,26.0,24.1,40,38.5,38.3,39.9,91
2016-08-22,29.581944444444453,28.03541666666667,29.134027777777785,79.27777777777777,25.6,26.8,25.5,59,35.5,29.4,34.4,95
2016-08-23,30.103472222222226,28.627083333333346,29.944444444444446,76.15972222222223,24.4,26.6,24.7,43,39.1,36.7,38.7,99
2016-08-24,29.01805555555556,27.62013888888889,28.89930555555555,76.74305555555556,24.7,26.5,24.9,55,36.0,29.0,35.8,94
2016-08-25,29.49583333333333,27.641666666666666,29.23680555555555,75.0763888888889,24.4,26.4,24.7,49,36.7,29.0,36.0,97
2016-08-26,29.63680555555554,27.677083333333336,29.31180555555556,75.5763888888889,23.1,25.6,23.4,48,39.4,29.6,37.4,97
2016-08-27,28.405555555555555,27.59513888888889,28.352083333333336,79.34027777777777,23.8,26.0,24.2,53,38.2,30.2,36.9,96
2016-08-28,28.71041666666665,27.11111111111112,28.3673611111111,70.90972222222223,24.6,25.9,24.8,47,38.1,29.6,36.5,89
2016-08-29,29.84375000000001,27.045138888888875,29.08611111111113,69.16666666666667,24.8,25.9,25.2,46,38.3,28.5,35.6,84
2016-08-30,26.093055555555573,25.72361111111113,26.409722222222232,66.77083333333333,21.2,24.1,21.9,41,35.0,28.6,35.5,89
2016-08-31,27.711111111111123,25.79166666666667,27.436805555555548,64.7638888888889,19.3,22.9,20.0,36,38.0,31.9,36.8,87
2016-09-01,28.49513888888889,27.075,28.237500000000008,73.52083333333333,22.5,24.7,23.1,44,39.1,30.1,38.5,93
2016-09-02,28.855555555555547,27.13611111111112,28.70416666666666,69.96527777777777,20.9,24.4,21.7,41,38.3,30.3,39.3,93
2016-09-03,29.88680555555554,27.675000000000008,29.57986111111112,67.40972222222223,24.3,26.1,24.8,41,38.7,30.4,38.7,91
2016-09-04,29.204861111111104,27.92013888888888,29.278472222222227,73.7638888888889,23.2,26.4,24.3,51,37.2,30.5,38.4,91
2016-09-05,26.32013888888891,26.82986111111111,26.56736111111111,87.70833333333331,22.4,25.4,23.4,68,33.2,28.2,32.2,100
2016-09-06,27.75694444444443,27.29722222222221,27.738194444444442,85.8888888888889,24.4,26.1,24.9,57,38.1,29.2,36.1,98
2016-09-07,28.424999999999976,27.6125,28.48750000000002,81.5,23.9,26.1,24.6,60,35.8,29.1,34.5,98
2016-09-08,26.406944444444452,26.959722222222233,26.677777777777766,87.72222222222223,22.9,25.2,23.6,73,32.3,28.4,32.5,98
2016-09-09,26.826388888888893,25.81805555555556,26.644444444444453,69.7638888888889,21.9,24.2,22.4,48,36.2,28.5,35.1,83
2016-09-10,26.45,25.77569444444445,26.425,76.15277777777777,19.5,23.2,20.4,46,36.6,28.6,36.4,100
2016-09-11,26.748611111111106,26.24097222222223,26.753472222222218,78.53472222222223,21.6,24.5,22.5,51,36.5,28.2,35.5,96
2016-09-12,26.84444444444444,26.30555555555555,26.811805555555548,79.75694444444444,23.6,25.4,24.3,61,34.7,27.6,32.7,96
2016-09-13,26.48194444444444,26.145138888888887,26.39236111111112,88.28472222222223,23.0,24.8,23.5,76,32.5,27.4,30.6,96
2016-09-14,26.64236111111111,26.393055555555538,26.793055555555547,83.30555555555556,23.4,25.4,24.1,54,36.1,28.1,34.7,97
2016-09-15,25.610000000000007,25.51375,25.715000000000003,82.6125,22.5,24.8,23.3,65,31.0,26.4,29.7,96
